Japan, Period fertility rates by calendar year and age (Lexis squares, age in completed years (ACY))
Last modified: 19/01/2026
Year    Age        ASFR
1947     12-    0.00000
1947     13     0.00000
1947     14     0.00006
1947     15     0.00040
1947     16     0.00184
1947     17     0.00749
1947     18     0.02173
1947     19     0.04687
1947     20     0.08778
1947     21     0.13279
1947     22     0.17476
1947     23     0.22164
1947     24     0.24992
1947     25     0.26800
1947     26     0.28205
1947     27     0.27862
1947     28     0.27367
1947     29     0.26999
1947     30     0.26109
1947     31     0.24947
1947     32     0.23886
1947     33     0.22530
1947     34     0.21009
1947     35     0.19632
1947     36     0.17692
1947     37     0.15809
1947     38     0.14052
1947     39     0.12350
1947     40     0.09734
1947     41     0.07423
1947     42     0.05534
1947     43     0.03528
1947     44     0.02183
1947     45     0.01203
1947     46     0.00620
1947     47     0.00339
1947     48     0.00222
1947     49     0.00201
1947     50     0.00151
1947     51     0.00112
1947     52     0.00085
1947     53     0.00068
1947     54     0.00052
1947     55+    0.00184
1948     12-    0.00000
1948     13     0.00000
1948     14     0.00006
1948     15     0.00042
1948     16     0.00228
1948     17     0.00872
1948     18     0.02492
1948     19     0.05481
1948     20     0.09994
1948     21     0.14773
1948     22     0.19437
1948     23     0.23595
1948     24     0.26144
1948     25     0.26999
1948     26     0.26999
1948     27     0.26698
1948     28     0.25378
1948     29     0.24486
1948     30     0.23658
1948     31     0.22401
1948     32     0.21337
1948     33     0.20316
1948     34     0.19008
1948     35     0.17874
1948     36     0.16580
1948     37     0.15028
1948     38     0.13497
1948     39     0.11804
1948     40     0.09926
1948     41     0.07517
1948     42     0.05520
1948     43     0.03640
1948     44     0.02057
1948     45     0.01060
1948     46     0.00565
1948     47     0.00288
1948     48     0.00160
1948     49     0.00125
1948     50     0.00082
1948     51     0.00061
1948     52     0.00053
1948     53     0.00035
1948     54     0.00027
1948     55+    0.00081
1949     12-    0.00000
1949     13     0.00000
1949     14     0.00005
1949     15     0.00040
1949     16     0.00222
1949     17     0.00816
1949     18     0.02233
1949     19     0.05030
1949     20     0.09562
1949     21     0.14369
1949     22     0.19109
1949     23     0.23705
1949     24     0.25996
1949     25     0.27584
1949     26     0.27991
1949     27     0.27523
1949     28     0.27232
1949     29     0.25561
1949     30     0.24220
1949     31     0.23068
1949     32     0.21457
1949     33     0.19739
1949     34     0.18397
1949     35     0.16825
1949     36     0.15209
1949     37     0.13631
1949     38     0.12048
1949     39     0.10122
1949     40     0.08325
1949     41     0.06526
1949     42     0.04459
1949     43     0.02891
1949     44     0.01623
1949     45     0.00804
1949     46     0.00389
1949     47     0.00217
1949     48     0.00131
1949     49     0.00071
1949     50     0.00034
1949     51     0.00033
1949     52     0.00019
1949     53     0.00017
1949     54     0.00010
1949     55+    0.00028
1950     12-    0.00000
1950     13     0.00000
1950     14     0.00005
1950     15     0.00027
1950     16     0.00171
1950     17     0.00665
1950     18     0.01815
1950     19     0.04113
1950     20     0.08021
1950     21     0.12602
1950     22     0.17098
1950     23     0.20869
1950     24     0.23545
1950     25     0.24596
1950     26     0.24996
1950     27     0.24413
1950     28     0.23380
1950     29     0.22518
1950     30     0.20709
1950     31     0.19030
1950     32     0.17923
1950     33     0.16246
1950     34     0.14826
1950     35     0.13385
1950     36     0.11933
1950     37     0.10535
1950     38     0.09163
1950     39     0.07790
1950     40     0.06244
1950     41     0.04749
1950     42     0.03338
1950     43     0.02038
1950     44     0.01172
1950     45     0.00560
1950     46     0.00266
1950     47     0.00121
1950     48     0.00076
1950     49     0.00054
1950     50     0.00027
1950     51     0.00017
1950     52     0.00015
1950     53     0.00014
1950     54     0.00007
1950     55+    0.00014
1951     12-    0.00000
1951     13     0.00000
1951     14     0.00002
1951     15     0.00022
1951     16     0.00114
1951     17     0.00501
1951     18     0.01490
1951     19     0.03401
1951     20     0.06656
1951     21     0.10729
1951     22     0.15085
1951     23     0.18998
1951     24     0.21055
1951     25     0.22588
1951     26     0.22876
1951     27     0.22529
1951     28     0.21706
1951     29     0.20696
1951     30     0.19474
1951     31     0.17472
1951     32     0.16089
1951     33     0.14811
1951     34     0.13230
1951     35     0.11713
1951     36     0.10399
1951     37     0.09088
1951     38     0.07718
1951     39     0.06410
1951     40     0.05193
1951     41     0.03869
1951     42     0.02674
1951     43     0.01677
1951     44     0.00909
1951     45     0.00415
1951     46     0.00190
1951     47     0.00090
1951     48     0.00046
1951     49     0.00034
1951     50     0.00021
1951     51     0.00007
1951     52     0.00007
1951     53     0.00009
1951     54     0.00005
1951     55+    0.00008
1952     12-    0.00000
1952     13     0.00000
1952     14     0.00002
1952     15     0.00017
1952     16     0.00092
1952     17     0.00385
1952     18     0.01188
1952     19     0.02829
1952     20     0.05789
1952     21     0.09532
1952     22     0.13775
1952     23     0.17989
1952     24     0.20323
1952     25     0.21305
1952     26     0.21868
1952     27     0.21293
1952     28     0.20693
1952     29     0.19476
1952     30     0.18067
1952     31     0.16575
1952     32     0.14694
1952     33     0.13200
1952     34     0.11834
1952     35     0.10394
1952     36     0.08970
1952     37     0.07743
1952     38     0.06499
1952     39     0.05332
1952     40     0.04195
1952     41     0.03163
1952     42     0.02067
1952     43     0.01320
1952     44     0.00722
1952     45     0.00352
1952     46     0.00145
1952     47     0.00079
1952     48     0.00042
1952     49     0.00022
1952     50     0.00018
1952     51     0.00011
1952     52     0.00009
1952     53     0.00006
1952     54     0.00004
1952     55+    0.00008
1953     12-    0.00000
1953     13     0.00000
1953     14     0.00004
1953     15     0.00015
1953     16     0.00078
1953     17     0.00312
1953     18     0.00969
1953     19     0.02412
1953     20     0.05059
1953     21     0.08642
1953     22     0.12698
1953     23     0.16749
1953     24     0.19284
1953     25     0.20594
1953     26     0.20363
1953     27     0.20116
1953     28     0.18981
1953     29     0.17961
1953     30     0.16519
1953     31     0.14880
1953     32     0.13567
1953     33     0.11594
1953     34     0.10258
1953     35     0.09015
1953     36     0.07744
1953     37     0.06527
1953     38     0.05417
1953     39     0.04356
1953     40     0.03348
1953     41     0.02500
1953     42     0.01673
1953     43     0.01034
1953     44     0.00561
1953     45     0.00267
1953     46     0.00124
1953     47     0.00064
1953     48     0.00035
1953     49     0.00020
1953     50     0.00017
1953     51     0.00010
1953     52     0.00006
1953     53     0.00006
1953     54     0.00004
1953     55+    0.00010
1954     12-    0.00000
1954     13     0.00000
1954     14     0.00002
1954     15     0.00013
1954     16     0.00067
1954     17     0.00267
1954     18     0.00811
1954     19     0.02082
1954     20     0.04488
1954     21     0.07988
1954     22     0.11922
1954     23     0.15938
1954     24     0.18561
1954     25     0.19800
1954     26     0.19845
1954     27     0.18914
1954     28     0.17834
1954     29     0.16516
1954     30     0.15247
1954     31     0.13665
1954     32     0.12149
1954     33     0.10828
1954     34     0.09096
1954     35     0.07876
1954     36     0.06759
1954     37     0.05629
1954     38     0.04638
1954     39     0.03718
1954     40     0.02831
1954     41     0.02020
1954     42     0.01352
1954     43     0.00832
1954     44     0.00452
1954     45     0.00221
1954     46     0.00104
1954     47     0.00058
1954     48     0.00023
1954     49     0.00016
1954     50     0.00010
1954     51     0.00007
1954     52     0.00003
1954     53     0.00005
1954     54     0.00003
1954     55+    0.00007
1955     12-    0.00000
1955     13     0.00000
1955     14     0.00001
1955     15     0.00007
1955     16     0.00056
1955     17     0.00248
1955     18     0.00745
1955     19     0.01843
1955     20     0.04154
1955     21     0.07373
1955     22     0.11519
1955     23     0.15786
1955     24     0.18304
1955     25     0.19604
1955     26     0.19896
1955     27     0.18977
1955     28     0.17429
1955     29     0.15992
1955     30     0.14353
1955     31     0.12769
1955     32     0.11350
1955     33     0.09827
1955     34     0.08491
1955     35     0.07011
1955     36     0.05947
1955     37     0.04962
1955     38     0.03999
1955     39     0.03132
1955     40     0.02412
1955     41     0.01716
1955     42     0.01153
1955     43     0.00689
1955     44     0.00374
1955     45     0.00176
1955     46     0.00089
1955     47     0.00038
1955     48     0.00024
1955     49     0.00013
1955     50     0.00012
1955     51     0.00008
1955     52     0.00005
1955     53     0.00003
1955     54     0.00003
1955     55+    0.00005
1956     12-    0.00000
1956     13     0.00000
1956     14     0.00001
1956     15     0.00008
1956     16     0.00047
1956     17     0.00212
1956     18     0.00671
1956     19     0.01701
1956     20     0.03833
1956     21     0.07043
1956     22     0.10851
1956     23     0.15208
1956     24     0.18258
1956     25     0.19403
1956     26     0.19581
1956     27     0.18600
1956     28     0.16992
1956     29     0.14964
1956     30     0.13304
1956     31     0.11539
1956     32     0.10174
1956     33     0.08709
1956     34     0.07378
1956     35     0.06304
1956     36     0.05031
1956     37     0.04187
1956     38     0.03445
1956     39     0.02716
1956     40     0.02020
1956     41     0.01465
1956     42     0.00958
1956     43     0.00593
1956     44     0.00308
1956     45     0.00148
1956     46     0.00070
1956     47     0.00036
1956     48     0.00019
1956     49     0.00009
1956     50     0.00009
1956     51     0.00005
1956     52     0.00004
1956     53     0.00002
1956     54     0.00003
1956     55+    0.00003
1957     12-    0.00000
1957     13     0.00000
1957     14     0.00001
1957     15     0.00005
1957     16     0.00045
1957     17     0.00176
1957     18     0.00570
1957     19     0.01525
1957     20     0.03406
1957     21     0.06344
1957     22     0.10203
1957     23     0.13993
1957     24     0.17271
1957     25     0.18872
1957     26     0.18849
1957     27     0.18094
1957     28     0.16396
1957     29     0.14436
1957     30     0.12300
1957     31     0.10400
1957     32     0.08793
1957     33     0.07569
1957     34     0.06302
1957     35     0.05198
1957     36     0.04353
1957     37     0.03353
1957     38     0.02722
1957     39     0.02187
1957     40     0.01598
1957     41     0.01132
1957     42     0.00765
1957     43     0.00464
1957     44     0.00245
1957     45     0.00133
1957     46     0.00059
1957     47     0.00029
1957     48     0.00019
1957     49     0.00012
1957     50     0.00006
1957     51     0.00005
1957     52     0.00003
1957     53     0.00001
1957     54     0.00003
1957     55+    0.00005
1958     12-    0.00000
1958     13     0.00000
1958     14     0.00001
1958     15     0.00008
1958     16     0.00043
1958     17     0.00183
1958     18     0.00558
1958     19     0.01485
1958     20     0.03585
1958     21     0.06720
1958     22     0.10706
1958     23     0.15414
1958     24     0.18245
1958     25     0.20206
1958     26     0.20546
1958     27     0.19215
1958     28     0.17425
1958     29     0.15114
1958     30     0.12835
1958     31     0.10452
1958     32     0.08681
1958     33     0.07199
1958     34     0.05956
1958     35     0.04865
1958     36     0.03941
1958     37     0.03203
1958     38     0.02428
1958     39     0.01912
1958     40     0.01462
1958     41     0.01021
1958     42     0.00688
1958     43     0.00417
1958     44     0.00217
1958     45     0.00119
1958     46     0.00051
1958     47     0.00021
1958     48     0.00012
1958     49     0.00010
1958     50     0.00008
1958     51     0.00005
1958     52     0.00005
1958     53     0.00003
1958     54     0.00002
1958     55+    0.00005
1959     12-    0.00000
1959     13     0.00000
1959     14     0.00002
1959     15     0.00008
1959     16     0.00039
1959     17     0.00174
1959     18     0.00559
1959     19     0.01431
1959     20     0.03274
1959     21     0.06574
1959     22     0.10755
1959     23     0.15034
1959     24     0.18632
1959     25     0.19748
1959     26     0.20382
1959     27     0.19379
1959     28     0.17065
1959     29     0.14876
1959     30     0.12473
1959     31     0.10069
1959     32     0.08032
1959     33     0.06510
1959     34     0.05255
1959     35     0.04321
1959     36     0.03396
1959     37     0.02786
1959     38     0.02158
1959     39     0.01638
1959     40     0.01216
1959     41     0.00893
1959     42     0.00593
1959     43     0.00351
1959     44     0.00200
1959     45     0.00101
1959     46     0.00050
1959     47     0.00024
1959     48     0.00012
1959     49     0.00006
1959     50     0.00007
1959     51     0.00005
1959     52     0.00003
1959     53     0.00001
1959     54     0.00001
1959     55+    0.00004
1960     12-    0.00000
1960     13     0.00000
1960     14     0.00001
1960     15     0.00005
1960     16     0.00039
1960     17     0.00167
1960     18     0.00517
1960     19     0.01408
1960     20     0.03108
1960     21     0.06149
1960     22     0.10589
1960     23     0.15158
1960     24     0.18343
1960     25     0.20369
1960     26     0.20134
1960     27     0.19387
1960     28     0.17362
1960     29     0.14665
1960     30     0.12193
1960     31     0.09702
1960     32     0.07700
1960     33     0.05976
1960     34     0.04710
1960     35     0.03674
1960     36     0.02926
1960     37     0.02266
1960     38     0.01755
1960     39     0.01346
1960     40     0.00969
1960     41     0.00700
1960     42     0.00476
1960     43     0.00286
1960     44     0.00158
1960     45     0.00084
1960     46     0.00038
1960     47     0.00028
1960     48     0.00010
1960     49     0.00008
1960     50     0.00004
1960     51     0.00004
1960     52     0.00003
1960     53     0.00001
1960     54     0.00002
1960     55+    0.00004
1961     12-    0.00000
1961     13     0.00000
1961     14     0.00001
1961     15     0.00004
1961     16     0.00036
1961     17     0.00157
1961     18     0.00503
1961     19     0.01318
1961     20     0.03029
1961     21     0.05744
1961     22     0.09812
1961     23     0.14806
1961     24     0.18455
1961     25     0.20052
1961     26     0.20627
1961     27     0.18966
1961     28     0.17405
1961     29     0.14841
1961     30     0.11992
1961     31     0.09566
1961     32     0.07467
1961     33     0.05808
1961     34     0.04313
1961     35     0.03286
1961     36     0.02534
1961     37     0.01980
1961     38     0.01506
1961     39     0.01147
1961     40     0.00850
1961     41     0.00591
1961     42     0.00398
1961     43     0.00241
1961     44     0.00132
1961     45     0.00069
1961     46     0.00033
1961     47     0.00019
1961     48     0.00013
1961     49     0.00006
1961     50     0.00003
1961     51     0.00001
1961     52     0.00001
1961     53     0.00002
1961     54     0.00001
1961     55+    0.00002
1962     12-    0.00000
1962     13     0.00000
1962     14     0.00001
1962     15     0.00006
1962     16     0.00033
1962     17     0.00157
1962     18     0.00521
1962     19     0.01316
1962     20     0.03001
1962     21     0.06018
1962     22     0.09935
1962     23     0.14602
1962     24     0.18758
1962     25     0.20864
1962     26     0.20815
1962     27     0.19849
1962     28     0.17324
1962     29     0.14963
1962     30     0.12308
1962     31     0.09499
1962     32     0.07299
1962     33     0.05681
1962     34     0.04269
1962     35     0.03106
1962     36     0.02318
1962     37     0.01764
1962     38     0.01328
1962     39     0.00961
1962     40     0.00730
1962     41     0.00513
1962     42     0.00318
1962     43     0.00209
1962     44     0.00120
1962     45     0.00061
1962     46     0.00031
1962     47     0.00017
1962     48     0.00011
1962     49     0.00008
1962     50     0.00003
1962     51     0.00000
1962     52     0.00001
1962     53     0.00000
1962     54     0.00000
1962     55+    0.00001
1963     12-    0.00000
1963     13     0.00000
1963     14     0.00001
1963     15     0.00004
1963     16     0.00031
1963     17     0.00158
1963     18     0.00526
1963     19     0.01308
1963     20     0.02933
1963     21     0.05869
1963     22     0.10153
1963     23     0.14710
1963     24     0.18368
1963     25     0.20982
1963     26     0.21446
1963     27     0.19950
1963     28     0.18220
1963     29     0.15099
1963     30     0.12710
1963     31     0.10046
1963     32     0.07539
1963     33     0.05766
1963     34     0.04296
1963     35     0.03196
1963     36     0.02309
1963     37     0.01696
1963     38     0.01244
1963     39     0.00922
1963     40     0.00645
1963     41     0.00471
1963     42     0.00306
1963     43     0.00182
1963     44     0.00104
1963     45     0.00051
1963     46     0.00027
1963     47     0.00013
1963     48     0.00008
1963     49     0.00005
1963     50     0.00001
1963     51     0.00000
1963     52     0.00000
1963     53     0.00000
1963     54     0.00000
1963     55+    0.00000
1964     12-    0.00000
1964     13     0.00000
1964     14     0.00001
1964     15     0.00004
1964     16     0.00030
1964     17     0.00158
1964     18     0.00497
1964     19     0.01368
1964     20     0.02945
1964     21     0.05800
1964     22     0.10172
1964     23     0.15426
1964     24     0.19121
1964     25     0.21057
1964     26     0.21823
1964     27     0.20761
1964     28     0.18294
1964     29     0.15830
1964     30     0.12755
1964     31     0.10296
1964     32     0.07921
1964     33     0.05839
1964     34     0.04409
1964     35     0.03216
1964     36     0.02342
1964     37     0.01682
1964     38     0.01197
1964     39     0.00866
1964     40     0.00648
1964     41     0.00425
1964     42     0.00275
1964     43     0.00178
1964     44     0.00088
1964     45     0.00047
1964     46     0.00022
1964     47     0.00012
1964     48     0.00005
1964     49     0.00004
1964     50     0.00002
1964     51     0.00001
1964     52     0.00000
1964     53     0.00000
1964     54     0.00000
1964     55+    0.00000
1965     12-    0.00000
1965     13     0.00000
1965     14     0.00001
1965     15     0.00004
1965     16     0.00031
1965     17     0.00168
1965     18     0.00545
1965     19     0.01324
1965     20     0.03115
1965     21     0.05987
1965     22     0.10338
1965     23     0.15733
1965     24     0.20477
1965     25     0.22570
1965     26     0.22590
1965     27     0.21644
1965     28     0.19564
1965     29     0.16497
1965     30     0.13786
1965     31     0.10549
1965     32     0.08328
1965     33     0.06335
1965     34     0.04627
1965     35     0.03415
1965     36     0.02460
1965     37     0.01752
1965     38     0.01198
1965     39     0.00850
1965     40     0.00590
1965     41     0.00408
1965     42     0.00263
1965     43     0.00151
1965     44     0.00089
1965     45     0.00042
1965     46     0.00020
1965     47     0.00011
1965     48     0.00006
1965     49     0.00005
1965     50     0.00001
1965     51     0.00001
1965     52     0.00001
1965     53     0.00000
1965     54     0.00000
1965     55+    0.00000
1966     12-    0.00000
1966     13     0.00000
1966     14     0.00001
1966     15     0.00005
1966     16     0.00026
1966     17     0.00144
1966     18     0.00488
1966     19     0.01186
1966     20     0.02414
1966     21     0.04898
1966     22     0.08282
1966     23     0.12169
1966     24     0.15333
1966     25     0.17049
1966     26     0.16568
1966     27     0.15069
1966     28     0.13215
1966     29     0.11450
1966     30     0.09292
1966     31     0.07628
1966     32     0.05869
1966     33     0.04730
1966     34     0.03617
1966     35     0.02655
1966     36     0.02018
1966     37     0.01485
1966     38     0.01093
1966     39     0.00736
1966     40     0.00526
1966     41     0.00346
1966     42     0.00232
1966     43     0.00138
1966     44     0.00074
1966     45     0.00044
1966     46     0.00017
1966     47     0.00011
1966     48     0.00006
1966     49     0.00004
1966     50     0.00002
1966     51     0.00001
1966     52     0.00001
1966     53     0.00000
1966     54     0.00000
1966     55+    0.00000
1967     12-    0.00000
1967     13     0.00000
1967     14     0.00000
1967     15     0.00003
1967     16     0.00030
1967     17     0.00152
1967     18     0.00509
1967     19     0.01321
1967     20     0.02836
1967     21     0.05424
1967     22     0.10351
1967     23     0.15854
1967     24     0.20570
1967     25     0.23510
1967     26     0.24592
1967     27     0.22951
1967     28     0.20421
1967     29     0.17715
1967     30     0.14550
1967     31     0.11256
1967     32     0.08743
1967     33     0.06470
1967     34     0.04928
1967     35     0.03590
1967     36     0.02505
1967     37     0.01773
1967     38     0.01279
1967     39     0.00863
1967     40     0.00556
1967     41     0.00367
1967     42     0.00215
1967     43     0.00135
1967     44     0.00075
1967     45     0.00034
1967     46     0.00017
1967     47     0.00012
1967     48     0.00006
1967     49     0.00002
1967     50     0.00001
1967     51     0.00001
1967     52     0.00000
1967     53     0.00001
1967     54     0.00000
1967     55+    0.00000
1968     12-    0.00000
1968     13     0.00000
1968     14     0.00002
1968     15     0.00004
1968     16     0.00024
1968     17     0.00140
1968     18     0.00495
1968     19     0.01252
1968     20     0.02813
1968     21     0.05534
1968     22     0.09499
1968     23     0.15192
1968     24     0.19969
1968     25     0.22420
1968     26     0.22907
1968     27     0.22332
1968     28     0.19621
1968     29     0.16490
1968     30     0.13460
1968     31     0.10733
1968     32     0.08341
1968     33     0.06512
1968     34     0.04669
1968     35     0.03529
1968     36     0.02581
1968     37     0.01763
1968     38     0.01276
1968     39     0.00861
1968     40     0.00570
1968     41     0.00335
1968     42     0.00233
1968     43     0.00149
1968     44     0.00079
1968     45     0.00040
1968     46     0.00022
1968     47     0.00010
1968     48     0.00006
1968     49     0.00003
1968     50     0.00000
1968     51     0.00001
1968     52     0.00000
1968     53     0.00001
1968     54     0.00000
1968     55+    0.00000
1969     12-    0.00000
1969     13     0.00000
1969     14     0.00002
1969     15     0.00006
1969     16     0.00025
1969     17     0.00142
1969     18     0.00490
1969     19     0.01279
1969     20     0.02770
1969     21     0.05455
1969     22     0.09687
1969     23     0.14664
1969     24     0.19964
1969     25     0.22604
1969     26     0.23118
1969     27     0.21814
1969     28     0.19811
1969     29     0.16710
1969     30     0.13426
1969     31     0.10381
1969     32     0.08408
1969     33     0.06461
1969     34     0.04851
1969     35     0.03476
1969     36     0.02582
1969     37     0.01817
1969     38     0.01276
1969     39     0.00886
1969     40     0.00550
1969     41     0.00363
1969     42     0.00212
1969     43     0.00138
1969     44     0.00079
1969     45     0.00040
1969     46     0.00020
1969     47     0.00010
1969     48     0.00005
1969     49     0.00003
1969     50     0.00001
1969     51     0.00001
1969     52     0.00000
1969     53     0.00000
1969     54     0.00000
1969     55+    0.00000
1970     12-    0.00000
1970     13     0.00000
1970     14     0.00001
1970     15     0.00010
1970     16     0.00031
1970     17     0.00151
1970     18     0.00525
1970     19     0.01315
1970     20     0.02909
1970     21     0.05565
1970     22     0.09883
1970     23     0.15216
1970     24     0.19375
1970     25     0.22799
1970     26     0.23328
1970     27     0.22091
1970     28     0.19598
1970     29     0.16942
1970     30     0.13653
1970     31     0.10331
1970     32     0.08146
1970     33     0.06456
1970     34     0.04766
1970     35     0.03509
1970     36     0.02485
1970     37     0.01813
1970     38     0.01273
1970     39     0.00839
1970     40     0.00562
1970     41     0.00355
1970     42     0.00228
1970     43     0.00120
1970     44     0.00072
1970     45     0.00044
1970     46     0.00018
1970     47     0.00009
1970     48     0.00005
1970     49     0.00003
1970     50     0.00001
1970     51     0.00003
1970     52     0.00001
1970     53     0.00000
1970     54     0.00000
1970     55+    0.00000
1971     12-    0.00000
1971     13     0.00000
1971     14     0.00001
1971     15     0.00003
1971     16     0.00031
1971     17     0.00172
1971     18     0.00546
1971     19     0.01393
1971     20     0.02933
1971     21     0.05662
1971     22     0.09881
1971     23     0.15453
1971     24     0.20085
1971     25     0.22186
1971     26     0.23556
1971     27     0.22622
1971     28     0.20265
1971     29     0.17049
1971     30     0.14038
1971     31     0.10615
1971     32     0.08203
1971     33     0.06307
1971     34     0.04715
1971     35     0.03409
1971     36     0.02517
1971     37     0.01724
1971     38     0.01274
1971     39     0.00871
1971     40     0.00560
1971     41     0.00353
1971     42     0.00224
1971     43     0.00124
1971     44     0.00060
1971     45     0.00036
1971     46     0.00020
1971     47     0.00009
1971     48     0.00005
1971     49     0.00003
1971     50     0.00001
1971     51     0.00001
1971     52     0.00000
1971     53     0.00000
1971     54     0.00000
1971     55+    0.00001
1972     12-    0.00000
1972     13     0.00000
1972     14     0.00001
1972     15     0.00003
1972     16     0.00034
1972     17     0.00182
1972     18     0.00605
1972     19     0.01482
1972     20     0.03172
1972     21     0.05846
1972     22     0.10034
1972     23     0.15601
1972     24     0.20430
1972     25     0.22771
1972     26     0.22687
1972     27     0.22119
1972     28     0.19844
1972     29     0.16979
1972     30     0.13585
1972     31     0.10599
1972     32     0.08058
1972     33     0.06105
1972     34     0.04488
1972     35     0.03301
1972     36     0.02430
1972     37     0.01689
1972     38     0.01205
1972     39     0.00847
1972     40     0.00557
1972     41     0.00341
1972     42     0.00217
1972     43     0.00125
1972     44     0.00067
1972     45     0.00029
1972     46     0.00015
1972     47     0.00011
1972     48     0.00003
1972     49     0.00002
1972     50     0.00000
1972     51     0.00000
1972     52     0.00000
1972     53     0.00000
1972     54     0.00000
1972     55+    0.00000
1973     12-    0.00000
1973     13     0.00000
1973     14     0.00001
1973     15     0.00004
1973     16     0.00036
1973     17     0.00202
1973     18     0.00591
1973     19     0.01542
1973     20     0.03227
1973     21     0.06050
1973     22     0.10076
1973     23     0.15369
1973     24     0.20478
1973     25     0.22893
1973     26     0.23198
1973     27     0.21345
1973     28     0.19515
1973     29     0.16890
1973     30     0.13599
1973     31     0.10384
1973     32     0.08107
1973     33     0.06239
1973     34     0.04471
1973     35     0.03228
1973     36     0.02402
1973     37     0.01665
1973     38     0.01212
1973     39     0.00813
1973     40     0.00540
1973     41     0.00344
1973     42     0.00209
1973     43     0.00117
1973     44     0.00066
1973     45     0.00033
1973     46     0.00013
1973     47     0.00008
1973     48     0.00006
1973     49     0.00003
1973     50     0.00000
1973     51     0.00000
1973     52     0.00000
1973     53     0.00000
1973     54     0.00000
1973     55+    0.00000
1974     12-    0.00000
1974     13     0.00000
1974     14     0.00001
1974     15     0.00005
1974     16     0.00041
1974     17     0.00191
1974     18     0.00598
1974     19     0.01455
1974     20     0.03153
1974     21     0.06019
1974     22     0.10081
1974     23     0.14773
1974     24     0.19855
1974     25     0.22421
1974     26     0.22602
1974     27     0.21091
1974     28     0.17987
1974     29     0.15572
1974     30     0.12728
1974     31     0.09705
1974     32     0.07322
1974     33     0.05690
1974     34     0.04166
1974     35     0.03004
1974     36     0.02147
1974     37     0.01530
1974     38     0.01092
1974     39     0.00750
1974     40     0.00483
1974     41     0.00317
1974     42     0.00204
1974     43     0.00110
1974     44     0.00066
1974     45     0.00029
1974     46     0.00014
1974     47     0.00006
1974     48     0.00004
1974     49     0.00001
1974     50     0.00000
1974     51     0.00000
1974     52     0.00000
1974     53     0.00000
1974     54     0.00000
1974     55+    0.00000
1975     12-    0.00000
1975     13     0.00000
1975     14     0.00001
1975     15     0.00004
1975     16     0.00039
1975     17     0.00184
1975     18     0.00527
1975     19     0.01282
1975     20     0.02815
1975     21     0.05511
1975     22     0.09422
1975     23     0.14138
1975     24     0.18419
1975     25     0.21235
1975     26     0.21686
1975     27     0.20039
1975     28     0.17535
1975     29     0.14089
1975     30     0.11398
1975     31     0.08679
1975     32     0.06657
1975     33     0.04925
1975     34     0.03682
1975     35     0.02648
1975     36     0.01899
1975     37     0.01344
1975     38     0.00992
1975     39     0.00663
1975     40     0.00454
1975     41     0.00275
1975     42     0.00187
1975     43     0.00103
1975     44     0.00048
1975     45     0.00024
1975     46     0.00010
1975     47     0.00005
1975     48     0.00002
1975     49     0.00001
1975     50     0.00000
1975     51     0.00000
1975     52     0.00000
1975     53     0.00000
1975     54     0.00000
1975     55+    0.00000
1976     12-    0.00000
1976     13     0.00000
1976     14     0.00001
1976     15     0.00004
1976     16     0.00042
1976     17     0.00184
1976     18     0.00477
1976     19     0.01135
1976     20     0.02517
1976     21     0.04989
1976     22     0.08768
1976     23     0.13606
1976     24     0.17797
1976     25     0.20216
1976     26     0.21196
1976     27     0.19983
1976     28     0.17483
1976     29     0.14367
1976     30     0.10928
1976     31     0.08341
1976     32     0.06350
1976     33     0.04770
1976     34     0.03428
1976     35     0.02492
1976     36     0.01806
1976     37     0.01254
1976     38     0.00879
1976     39     0.00622
1976     40     0.00402
1976     41     0.00268
1976     42     0.00165
1976     43     0.00090
1976     44     0.00048
1976     45     0.00025
1976     46     0.00010
1976     47     0.00004
1976     48     0.00003
1976     49     0.00001
1976     50     0.00000
1976     51     0.00000
1976     52     0.00000
1976     53     0.00000
1976     54     0.00000
1976     55+    0.00000
1977     12-    0.00000
1977     13     0.00000
1977     14     0.00002
1977     15     0.00005
1977     16     0.00044
1977     17     0.00165
1977     18     0.00452
1977     19     0.01044
1977     20     0.02189
1977     21     0.04434
1977     22     0.07856
1977     23     0.12578
1977     24     0.17205
1977     25     0.19591
1977     26     0.20302
1977     27     0.19671
1977     28     0.17453
1977     29     0.14447
1977     30     0.11332
1977     31     0.08203
1977     32     0.06217
1977     33     0.04719
1977     34     0.03396
1977     35     0.02406
1977     36     0.01779
1977     37     0.01186
1977     38     0.00855
1977     39     0.00573
1977     40     0.00387
1977     41     0.00253
1977     42     0.00159
1977     43     0.00091
1977     44     0.00046
1977     45     0.00024
1977     46     0.00012
1977     47     0.00004
1977     48     0.00002
1977     49     0.00001
1977     50     0.00000
1977     51     0.00000
1977     52     0.00000
1977     53     0.00000
1977     54     0.00000
1977     55+    0.00000
1978     12-    0.00000
1978     13     0.00000
1978     14     0.00002
1978     15     0.00007
1978     16     0.00044
1978     17     0.00179
1978     18     0.00445
1978     19     0.01066
1978     20     0.02102
1978     21     0.04056
1978     22     0.07325
1978     23     0.11849
1978     24     0.16619
1978     25     0.19537
1978     26     0.20512
1978     27     0.19437
1978     28     0.17673
1978     29     0.14873
1978     30     0.11575
1978     31     0.08696
1978     32     0.06246
1978     33     0.04623
1978     34     0.03384
1978     35     0.02422
1978     36     0.01694
1978     37     0.01184
1978     38     0.00835
1978     39     0.00566
1978     40     0.00370
1978     41     0.00235
1978     42     0.00146
1978     43     0.00088
1978     44     0.00041
1978     45     0.00019
1978     46     0.00009
1978     47     0.00004
1978     48     0.00003
1978     49     0.00001
1978     50     0.00000
1978     51     0.00000
1978     52     0.00000
1978     53     0.00000
1978     54     0.00000
1978     55+    0.00000
1979     12-    0.00000
1979     13     0.00000
1979     14     0.00001
1979     15     0.00005
1979     16     0.00047
1979     17     0.00183
1979     18     0.00473
1979     19     0.01067
1979     20     0.02127
1979     21     0.03915
1979     22     0.06779
1979     23     0.11216
1979     24     0.15897
1979     25     0.19111
1979     26     0.20278
1979     27     0.19612
1979     28     0.17293
1979     29     0.14881
1979     30     0.11819
1979     31     0.08834
1979     32     0.06531
1979     33     0.04708
1979     34     0.03306
1979     35     0.02382
1979     36     0.01688
1979     37     0.01141
1979     38     0.00809
1979     39     0.00555
1979     40     0.00359
1979     41     0.00218
1979     42     0.00135
1979     43     0.00082
1979     44     0.00041
1979     45     0.00019
1979     46     0.00007
1979     47     0.00004
1979     48     0.00002
1979     49     0.00000
1979     50     0.00000
1979     51     0.00000
1979     52     0.00000
1979     53     0.00000
1979     54     0.00000
1979     55+    0.00000
1980     12-    0.00000
1980     13     0.00000
1980     14     0.00002
1980     15     0.00005
1980     16     0.00052
1980     17     0.00205
1980     18     0.00504
1980     19     0.01126
1980     20     0.02177
1980     21     0.03890
1980     22     0.06489
1980     23     0.10462
1980     24     0.15309
1980     25     0.18621
1980     26     0.20164
1980     27     0.19470
1980     28     0.17433
1980     29     0.14497
1980     30     0.11821
1980     31     0.08936
1980     32     0.06634
1980     33     0.04865
1980     34     0.03329
1980     35     0.02342
1980     36     0.01702
1980     37     0.01166
1980     38     0.00795
1980     39     0.00567
1980     40     0.00358
1980     41     0.00223
1980     42     0.00142
1980     43     0.00078
1980     44     0.00038
1980     45     0.00020
1980     46     0.00007
1980     47     0.00004
1980     48     0.00001
1980     49     0.00001
1980     50     0.00000
1980     51     0.00000
1980     52     0.00000
1980     53     0.00000
1980     54     0.00000
1980     55+    0.00000
1981     12-    0.00000
1981     13     0.00000
1981     14     0.00002
1981     15     0.00007
1981     16     0.00059
1981     17     0.00215
1981     18     0.00531
1981     19     0.01161
1981     20     0.02214
1981     21     0.03867
1981     22     0.06385
1981     23     0.09978
1981     24     0.14321
1981     25     0.18174
1981     26     0.19906
1981     27     0.19363
1981     28     0.17612
1981     29     0.14872
1981     30     0.11866
1981     31     0.09143
1981     32     0.06902
1981     33     0.05057
1981     34     0.03593
1981     35     0.02479
1981     36     0.01742
1981     37     0.01181
1981     38     0.00831
1981     39     0.00559
1981     40     0.00357
1981     41     0.00227
1981     42     0.00139
1981     43     0.00076
1981     44     0.00038
1981     45     0.00016
1981     46     0.00007
1981     47     0.00002
1981     48     0.00002
1981     49     0.00001
1981     50     0.00000
1981     51     0.00000
1981     52     0.00000
1981     53     0.00000
1981     54     0.00000
1981     55+    0.00000
1982     12-    0.00000
1982     13     0.00000
1982     14     0.00002
1982     15     0.00006
1982     16     0.00068
1982     17     0.00235
1982     18     0.00556
1982     19     0.01229
1982     20     0.02175
1982     21     0.03835
1982     22     0.06225
1982     23     0.09845
1982     24     0.13971
1982     25     0.17578
1982     26     0.20075
1982     27     0.19849
1982     28     0.18151
1982     29     0.15513
1982     30     0.12464
1982     31     0.09398
1982     32     0.07245
1982     33     0.05364
1982     34     0.03838
1982     35     0.02688
1982     36     0.01869
1982     37     0.01229
1982     38     0.00859
1982     39     0.00577
1982     40     0.00371
1982     41     0.00231
1982     42     0.00143
1982     43     0.00076
1982     44     0.00035
1982     45     0.00018
1982     46     0.00009
1982     47     0.00004
1982     48     0.00001
1982     49     0.00000
1982     50     0.00000
1982     51     0.00000
1982     52     0.00000
1982     53     0.00000
1982     54     0.00000
1982     55+    0.00000
1983     12-    0.00000
1983     13     0.00000
1983     14     0.00002
1983     15     0.00010
1983     16     0.00069
1983     17     0.00264
1983     18     0.00625
1983     19     0.01285
1983     20     0.02330
1983     21     0.03840
1983     22     0.06119
1983     23     0.09441
1983     24     0.13843
1983     25     0.17395
1983     26     0.19555
1983     27     0.20098
1983     28     0.18631
1983     29     0.16242
1983     30     0.13146
1983     31     0.10073
1983     32     0.07539
1983     33     0.05704
1983     34     0.04128
1983     35     0.02869
1983     36     0.02013
1983     37     0.01310
1983     38     0.00915
1983     39     0.00606
1983     40     0.00387
1983     41     0.00235
1983     42     0.00143
1983     43     0.00078
1983     44     0.00039
1983     45     0.00018
1983     46     0.00007
1983     47     0.00002
1983     48     0.00001
1983     49     0.00001
1983     50     0.00000
1983     51     0.00000
1983     52     0.00000
1983     53     0.00000
1983     54     0.00000
1983     55+    0.00000
1984     12-    0.00000
1984     13     0.00000
1984     14     0.00002
1984     15     0.00010
1984     16     0.00084
1984     17     0.00261
1984     18     0.00616
1984     19     0.01366
1984     20     0.02330
1984     21     0.03810
1984     22     0.05901
1984     23     0.09117
1984     24     0.13192
1984     25     0.16973
1984     26     0.19453
1984     27     0.19814
1984     28     0.18925
1984     29     0.16679
1984     30     0.13592
1984     31     0.10519
1984     32     0.08052
1984     33     0.05902
1984     34     0.04348
1984     35     0.03092
1984     36     0.02143
1984     37     0.01438
1984     38     0.00943
1984     39     0.00632
1984     40     0.00400
1984     41     0.00245
1984     42     0.00145
1984     43     0.00086
1984     44     0.00042
1984     45     0.00018
1984     46     0.00007
1984     47     0.00003
1984     48     0.00002
1984     49     0.00000
1984     50     0.00000
1984     51     0.00000
1984     52     0.00000
1984     53     0.00000
1984     54     0.00000
1984     55+    0.00000
1985     12-    0.00000
1985     13     0.00000
1985     14     0.00002
1985     15     0.00011
1985     16     0.00075
1985     17     0.00253
1985     18     0.00568
1985     19     0.01279
1985     20     0.02275
1985     21     0.03585
1985     22     0.05557
1985     23     0.08434
1985     24     0.12076
1985     25     0.15842
1985     26     0.18538
1985     27     0.19468
1985     28     0.18321
1985     29     0.16591
1985     30     0.13873
1985     31     0.10773
1985     32     0.08251
1985     33     0.06171
1985     34     0.04434
1985     35     0.03137
1985     36     0.02222
1985     37     0.01496
1985     38     0.01001
1985     39     0.00656
1985     40     0.00405
1985     41     0.00247
1985     42     0.00158
1985     43     0.00076
1985     44     0.00041
1985     45     0.00017
1985     46     0.00007
1985     47     0.00004
1985     48     0.00001
1985     49     0.00000
1985     50     0.00000
1985     51     0.00000
1985     52     0.00000
1985     53     0.00000
1985     54     0.00000
1985     55+    0.00000
1986     12-    0.00000
1986     13     0.00000
1986     14     0.00002
1986     15     0.00009
1986     16     0.00070
1986     17     0.00234
1986     18     0.00565
1986     19     0.01157
1986     20     0.02131
1986     21     0.03499
1986     22     0.05157
1986     23     0.07957
1986     24     0.11513
1986     25     0.14828
1986     26     0.17509
1986     27     0.18624
1986     28     0.18190
1986     29     0.16338
1986     30     0.14011
1986     31     0.11016
1986     32     0.08496
1986     33     0.06309
1986     34     0.04579
1986     35     0.03243
1986     36     0.02317
1986     37     0.01553
1986     38     0.01050
1986     39     0.00684
1986     40     0.00402
1986     41     0.00255
1986     42     0.00144
1986     43     0.00083
1986     44     0.00040
1986     45     0.00019
1986     46     0.00006
1986     47     0.00003
1986     48     0.00001
1986     49     0.00000
1986     50     0.00000
1986     51     0.00000
1986     52     0.00000
1986     53     0.00000
1986     54     0.00000
1986     55+    0.00000
1987     12-    0.00000
1987     13     0.00000
1987     14     0.00002
1987     15     0.00008
1987     16     0.00064
1987     17     0.00214
1987     18     0.00516
1987     19     0.01158
1987     20     0.01908
1987     21     0.03186
1987     22     0.04976
1987     23     0.07373
1987     24     0.10816
1987     25     0.14029
1987     26     0.16816
1987     27     0.17981
1987     28     0.17998
1987     29     0.16424
1987     30     0.13929
1987     31     0.11354
1987     32     0.08762
1987     33     0.06593
1987     34     0.04780
1987     35     0.03392
1987     36     0.02384
1987     37     0.01609
1987     38     0.01096
1987     39     0.00717
1987     40     0.00433
1987     41     0.00257
1987     42     0.00144
1987     43     0.00082
1987     44     0.00042
1987     45     0.00015
1987     46     0.00007
1987     47     0.00003
1987     48     0.00001
1987     49     0.00000
1987     50     0.00000
1987     51     0.00000
1987     52     0.00000
1987     53     0.00000
1987     54     0.00000
1987     55+    0.00000
1988     12-    0.00000
1988     13     0.00000
1988     14     0.00002
1988     15     0.00010
1988     16     0.00063
1988     17     0.00218
1988     18     0.00504
1988     19     0.01087
1988     20     0.01967
1988     21     0.02945
1988     22     0.04547
1988     23     0.07079
1988     24     0.09973
1988     25     0.13183
1988     26     0.15820
1988     27     0.17274
1988     28     0.17335
1988     29     0.16331
1988     30     0.14161
1988     31     0.11402
1988     32     0.09133
1988     33     0.06924
1988     34     0.05103
1988     35     0.03598
1988     36     0.02541
1988     37     0.01671
1988     38     0.01149
1988     39     0.00765
1988     40     0.00477
1988     41     0.00285
1988     42     0.00157
1988     43     0.00087
1988     44     0.00041
1988     45     0.00021
1988     46     0.00005
1988     47     0.00002
1988     48     0.00001
1988     49     0.00001
1988     50     0.00000
1988     51     0.00000
1988     52     0.00000
1988     53     0.00000
1988     54     0.00000
1988     55+    0.00000
1989     12-    0.00000
1989     13     0.00000
1989     14     0.00003
1989     15     0.00010
1989     16     0.00057
1989     17     0.00209
1989     18     0.00481
1989     19     0.01082
1989     20     0.01853
1989     21     0.02989
1989     22     0.04132
1989     23     0.06262
1989     24     0.09406
1989     25     0.11880
1989     26     0.14413
1989     27     0.15983
1989     28     0.16251
1989     29     0.15317
1989     30     0.13680
1989     31     0.11344
1989     32     0.08952
1989     33     0.07007
1989     34     0.05180
1989     35     0.03746
1989     36     0.02613
1989     37     0.01768
1989     38     0.01193
1989     39     0.00787
1989     40     0.00498
1989     41     0.00287
1989     42     0.00166
1989     43     0.00092
1989     44     0.00039
1989     45     0.00017
1989     46     0.00007
1989     47     0.00002
1989     48     0.00001
1989     49     0.00001
1989     50     0.00000
1989     51     0.00000
1989     52     0.00000
1989     53     0.00000
1989     54     0.00000
1989     55+    0.00000
1990     12-    0.00000
1990     13     0.00000
1990     14     0.00002
1990     15     0.00010
1990     16     0.00060
1990     17     0.00196
1990     18     0.00471
1990     19     0.01088
1990     20     0.01889
1990     21     0.02885
1990     22     0.04294
1990     23     0.05765
1990     24     0.08218
1990     25     0.11424
1990     26     0.13597
1990     27     0.15225
1990     28     0.15696
1990     29     0.15160
1990     30     0.13558
1990     31     0.11305
1990     32     0.09284
1990     33     0.07076
1990     34     0.05351
1990     35     0.03932
1990     36     0.02785
1990     37     0.01889
1990     38     0.01259
1990     39     0.00818
1990     40     0.00517
1990     41     0.00309
1990     42     0.00174
1990     43     0.00095
1990     44     0.00039
1990     45     0.00015
1990     46     0.00007
1990     47     0.00003
1990     48     0.00001
1990     49     0.00001
1990     50     0.00000
1990     51     0.00000
1990     52     0.00000
1990     53     0.00000
1990     54     0.00000
1990     55+    0.00000
1991     12-    0.00000
1991     13     0.00000
1991     14     0.00002
1991     15     0.00012
1991     16     0.00065
1991     17     0.00202
1991     18     0.00490
1991     19     0.01118
1991     20     0.01913
1991     21     0.02972
1991     22     0.04161
1991     23     0.06072
1991     24     0.07940
1991     25     0.10479
1991     26     0.13549
1991     27     0.14846
1991     28     0.15474
1991     29     0.15052
1991     30     0.13554
1991     31     0.11407
1991     32     0.09274
1991     33     0.07423
1991     34     0.05520
1991     35     0.04046
1991     36     0.02912
1991     37     0.01946
1991     38     0.01324
1991     39     0.00853
1991     40     0.00527
1991     41     0.00316
1991     42     0.00182
1991     43     0.00094
1991     44     0.00049
1991     45     0.00021
1991     46     0.00007
1991     47     0.00003
1991     48     0.00001
1991     49     0.00000
1991     50     0.00000
1991     51     0.00000
1991     52     0.00000
1991     53     0.00000
1991     54     0.00000
1991     55+    0.00000
1992     12-    0.00000
1992     13     0.00000
1992     14     0.00002
1992     15     0.00012
1992     16     0.00071
1992     17     0.00205
1992     18     0.00495
1992     19     0.01097
1992     20     0.01899
1992     21     0.02916
1992     22     0.04061
1992     23     0.05728
1992     24     0.08061
1992     25     0.09763
1992     26     0.12181
1992     27     0.14653
1992     28     0.14928
1992     29     0.14634
1992     30     0.13254
1992     31     0.11420
1992     32     0.09344
1992     33     0.07439
1992     34     0.05672
1992     35     0.04205
1992     36     0.03009
1992     37     0.02097
1992     38     0.01371
1992     39     0.00908
1992     40     0.00571
1992     41     0.00329
1992     42     0.00184
1992     43     0.00099
1992     44     0.00046
1992     45     0.00022
1992     46     0.00007
1992     47     0.00003
1992     48     0.00000
1992     49     0.00000
1992     50     0.00000
1992     51     0.00000
1992     52     0.00000
1992     53     0.00000
1992     54     0.00000
1992     55+    0.00000
1993     12-    0.00000
1993     13     0.00000
1993     14     0.00001
1993     15     0.00013
1993     16     0.00066
1993     17     0.00198
1993     18     0.00466
1993     19     0.01082
1993     20     0.01853
1993     21     0.02826
1993     22     0.03965
1993     23     0.05417
1993     24     0.07353
1993     25     0.09820
1993     26     0.11452
1993     27     0.13115
1993     28     0.14704
1993     29     0.14140
1993     30     0.13002
1993     31     0.11234
1993     32     0.09310
1993     33     0.07467
1993     34     0.05769
1993     35     0.04386
1993     36     0.03053
1993     37     0.02122
1993     38     0.01434
1993     39     0.00940
1993     40     0.00586
1993     41     0.00356
1993     42     0.00188
1993     43     0.00101
1993     44     0.00048
1993     45     0.00019
1993     46     0.00008
1993     47     0.00004
1993     48     0.00001
1993     49     0.00000
1993     50     0.00000
1993     51     0.00000
1993     52     0.00000
1993     53     0.00000
1993     54     0.00000
1993     55+    0.00000
1994     12-    0.00000
1994     13     0.00000
1994     14     0.00003
1994     15     0.00013
1994     16     0.00073
1994     17     0.00209
1994     18     0.00471
1994     19     0.01093
1994     20     0.01902
1994     21     0.02897
1994     22     0.03991
1994     23     0.05522
1994     24     0.07469
1994     25     0.09539
1994     26     0.12073
1994     27     0.13021
1994     28     0.14009
1994     29     0.14926
1994     30     0.13374
1994     31     0.11737
1994     32     0.09834
1994     33     0.07956
1994     34     0.06160
1994     35     0.04659
1994     36     0.03390
1994     37     0.02325
1994     38     0.01611
1994     39     0.01070
1994     40     0.00635
1994     41     0.00387
1994     42     0.00216
1994     43     0.00106
1994     44     0.00056
1994     45     0.00023
1994     46     0.00008
1994     47     0.00004
1994     48     0.00002
1994     49     0.00001
1994     50     0.00000
1994     51     0.00000
1994     52     0.00000
1994     53     0.00000
1994     54     0.00000
1994     55+    0.00000
1995     12-    0.00000
1995     13     0.00000
1995     14     0.00004
1995     15     0.00014
1995     16     0.00082
1995     17     0.00221
1995     18     0.00476
1995     19     0.01042
1995     20     0.01807
1995     21     0.02790
1995     22     0.03757
1995     23     0.05125
1995     24     0.06852
1995     25     0.08789
1995     26     0.10764
1995     27     0.12726
1995     28     0.12888
1995     29     0.13094
1995     30     0.13053
1995     31     0.11200
1995     32     0.09444
1995     33     0.07788
1995     34     0.06085
1995     35     0.04601
1995     36     0.03428
1995     37     0.02401
1995     38     0.01598
1995     39     0.01067
1995     40     0.00669
1995     41     0.00398
1995     42     0.00225
1995     43     0.00123
1995     44     0.00054
1995     45     0.00022
1995     46     0.00009
1995     47     0.00003
1995     48     0.00001
1995     49     0.00001
1995     50     0.00000
1995     51     0.00000
1995     52     0.00000
1995     53     0.00000
1995     54     0.00000
1995     55+    0.00000
1996     12-    0.00000
1996     13     0.00000
1996     14     0.00002
1996     15     0.00014
1996     16     0.00077
1996     17     0.00250
1996     18     0.00483
1996     19     0.01039
1996     20     0.01756
1996     21     0.02682
1996     22     0.03744
1996     23     0.05030
1996     24     0.06731
1996     25     0.08525
1996     26     0.10449
1996     27     0.11953
1996     28     0.13474
1996     29     0.12995
1996     30     0.12296
1996     31     0.11838
1996     32     0.09823
1996     33     0.07991
1996     34     0.06387
1996     35     0.04894
1996     36     0.03638
1996     37     0.02526
1996     38     0.01735
1996     39     0.01140
1996     40     0.00715
1996     41     0.00420
1996     42     0.00230
1996     43     0.00117
1996     44     0.00057
1996     45     0.00022
1996     46     0.00009
1996     47     0.00004
1996     48     0.00002
1996     49     0.00001
1996     50     0.00000
1996     51     0.00000
1996     52     0.00000
1996     53     0.00000
1996     54     0.00000
1996     55+    0.00000
1997     12-    0.00000
1997     13     0.00000
1997     14     0.00004
1997     15     0.00018
1997     16     0.00100
1997     17     0.00273
1997     18     0.00546
1997     19     0.01122
1997     20     0.01774
1997     21     0.02636
1997     22     0.03633
1997     23     0.04915
1997     24     0.06404
1997     25     0.08088
1997     26     0.09921
1997     27     0.11425
1997     28     0.12399
1997     29     0.13149
1997     30     0.11890
1997     31     0.10656
1997     32     0.09996
1997     33     0.08111
1997     34     0.06451
1997     35     0.04923
1997     36     0.03727
1997     37     0.02584
1997     38     0.01788
1997     39     0.01223
1997     40     0.00745
1997     41     0.00448
1997     42     0.00240
1997     43     0.00137
1997     44     0.00063
1997     45     0.00026
1997     46     0.00009
1997     47     0.00004
1997     48     0.00001
1997     49     0.00001
1997     50     0.00000
1997     51     0.00000
1997     52     0.00000
1997     53     0.00000
1997     54     0.00000
1997     55+    0.00000
1998     12-    0.00000
1998     13     0.00000
1998     14     0.00004
1998     15     0.00022
1998     16     0.00105
1998     17     0.00290
1998     18     0.00590
1998     19     0.01235
1998     20     0.01916
1998     21     0.02741
1998     22     0.03578
1998     23     0.04829
1998     24     0.06395
1998     25     0.07885
1998     26     0.09655
1998     27     0.11083
1998     28     0.12117
1998     29     0.12528
1998     30     0.12347
1998     31     0.10781
1998     32     0.09408
1998     33     0.08437
1998     34     0.06638
1998     35     0.05126
1998     36     0.03889
1998     37     0.02711
1998     38     0.01877
1998     39     0.01270
1998     40     0.00785
1998     41     0.00480
1998     42     0.00260
1998     43     0.00136
1998     44     0.00069
1998     45     0.00031
1998     46     0.00011
1998     47     0.00005
1998     48     0.00002
1998     49     0.00001
1998     50     0.00000
1998     51     0.00000
1998     52     0.00000
1998     53     0.00000
1998     54     0.00000
1998     55+    0.00000
1999     12-    0.00000
1999     13     0.00001
1999     14     0.00006
1999     15     0.00024
1999     16     0.00125
1999     17     0.00333
1999     18     0.00635
1999     19     0.01287
1999     20     0.02032
1999     21     0.02799
1999     22     0.03519
1999     23     0.04699
1999     24     0.06063
1999     25     0.07629
1999     26     0.09164
1999     27     0.10573
1999     28     0.11464
1999     29     0.11918
1999     30     0.11555
1999     31     0.10934
1999     32     0.09156
1999     33     0.07661
1999     34     0.06723
1999     35     0.05149
1999     36     0.03935
1999     37     0.02775
1999     38     0.01924
1999     39     0.01284
1999     40     0.00815
1999     41     0.00476
1999     42     0.00264
1999     43     0.00149
1999     44     0.00069
1999     45     0.00030
1999     46     0.00012
1999     47     0.00005
1999     48     0.00002
1999     49     0.00001
1999     50     0.00000
1999     51     0.00000
1999     52     0.00000
1999     53     0.00000
1999     54     0.00000
1999     55+    0.00000
2000     12-    0.00000
2000     13     0.00001
2000     14     0.00006
2000     15     0.00027
2000     16     0.00132
2000     17     0.00384
2000     18     0.00733
2000     19     0.01399
2000     20     0.02151
2000     21     0.02994
2000     22     0.03710
2000     23     0.04637
2000     24     0.05967
2000     25     0.07441
2000     26     0.09029
2000     27     0.10337
2000     28     0.11264
2000     29     0.11753
2000     30     0.11398
2000     31     0.10645
2000     32     0.09764
2000     33     0.07878
2000     34     0.06457
2000     35     0.05546
2000     36     0.04145
2000     37     0.02935
2000     38     0.02045
2000     39     0.01392
2000     40     0.00892
2000     41     0.00529
2000     42     0.00297
2000     43     0.00150
2000     44     0.00076
2000     45     0.00031
2000     46     0.00010
2000     47     0.00004
2000     48     0.00001
2000     49     0.00001
2000     50     0.00000
2000     51     0.00000
2000     52     0.00000
2000     53     0.00000
2000     54     0.00000
2000     55+    0.00000
2001     12-    0.00000
2001     13     0.00001
2001     14     0.00006
2001     15     0.00031
2001     16     0.00153
2001     17     0.00419
2001     18     0.00759
2001     19     0.01527
2001     20     0.02236
2001     21     0.02994
2001     22     0.03835
2001     23     0.04788
2001     24     0.05864
2001     25     0.07232
2001     26     0.08639
2001     27     0.09987
2001     28     0.10792
2001     29     0.11272
2001     30     0.11000
2001     31     0.10244
2001     32     0.09136
2001     33     0.08117
2001     34     0.06527
2001     35     0.05283
2001     36     0.04366
2001     37     0.03027
2001     38     0.02140
2001     39     0.01469
2001     40     0.00914
2001     41     0.00544
2001     42     0.00310
2001     43     0.00150
2001     44     0.00068
2001     45     0.00030
2001     46     0.00013
2001     47     0.00004
2001     48     0.00002
2001     49     0.00001
2001     50     0.00000
2001     51     0.00000
2001     52     0.00000
2001     53     0.00000
2001     54     0.00000
2001     55+    0.00000
2002     12-    0.00000
2002     13     0.00001
2002     14     0.00008
2002     15     0.00038
2002     16     0.00166
2002     17     0.00432
2002     18     0.00790
2002     19     0.01564
2002     20     0.02297
2002     21     0.03071
2002     22     0.03828
2002     23     0.04755
2002     24     0.05850
2002     25     0.06978
2002     26     0.08348
2002     27     0.09499
2002     28     0.10484
2002     29     0.11034
2002     30     0.10778
2002     31     0.10088
2002     32     0.09040
2002     33     0.07896
2002     34     0.06841
2002     35     0.05278
2002     36     0.04131
2002     37     0.03203
2002     38     0.02259
2002     39     0.01528
2002     40     0.00998
2002     41     0.00573
2002     42     0.00329
2002     43     0.00162
2002     44     0.00076
2002     45     0.00030
2002     46     0.00013
2002     47     0.00005
2002     48     0.00002
2002     49     0.00002
2002     50     0.00000
2002     51     0.00000
2002     52     0.00000
2002     53     0.00000
2002     54     0.00000
2002     55+    0.00000
2003     12-    0.00000
2003     13     0.00001
2003     14     0.00007
2003     15     0.00038
2003     16     0.00159
2003     17     0.00390
2003     18     0.00739
2003     19     0.01473
2003     20     0.02219
2003     21     0.02978
2003     22     0.03668
2003     23     0.04555
2003     24     0.05627
2003     25     0.06749
2003     26     0.07906
2003     27     0.09209
2003     28     0.10096
2003     29     0.10721
2003     30     0.10504
2003     31     0.09931
2003     32     0.08919
2003     33     0.07831
2003     34     0.06666
2003     35     0.05615
2003     36     0.04233
2003     37     0.03098
2003     38     0.02397
2003     39     0.01625
2003     40     0.01043
2003     41     0.00626
2003     42     0.00358
2003     43     0.00174
2003     44     0.00080
2003     45     0.00032
2003     46     0.00011
2003     47     0.00005
2003     48     0.00003
2003     49     0.00001
2003     50     0.00001
2003     51     0.00001
2003     52     0.00000
2003     53     0.00000
2003     54     0.00000
2003     55+    0.00000
2004     12-    0.00000
2004     13     0.00001
2004     14     0.00007
2004     15     0.00031
2004     16     0.00150
2004     17     0.00371
2004     18     0.00727
2004     19     0.01449
2004     20     0.02161
2004     21     0.02980
2004     22     0.03677
2004     23     0.04500
2004     24     0.05504
2004     25     0.06666
2004     26     0.07806
2004     27     0.08899
2004     28     0.09811
2004     29     0.10494
2004     30     0.10490
2004     31     0.09942
2004     32     0.09010
2004     33     0.07865
2004     34     0.06799
2004     35     0.05651
2004     36     0.04629
2004     37     0.03295
2004     38     0.02362
2004     39     0.01754
2004     40     0.01115
2004     41     0.00662
2004     42     0.00358
2004     43     0.00190
2004     44     0.00090
2004     45     0.00036
2004     46     0.00015
2004     47     0.00007
2004     48     0.00003
2004     49     0.00002
2004     50     0.00001
2004     51     0.00001
2004     52     0.00000
2004     53     0.00000
2004     54     0.00000
2004     55+    0.00000
2005     12-    0.00000
2005     13     0.00001
2005     14     0.00007
2005     15     0.00028
2005     16     0.00130
2005     17     0.00343
2005     18     0.00664
2005     19     0.01341
2005     20     0.02063
2005     21     0.02861
2005     22     0.03595
2005     23     0.04340
2005     24     0.05257
2005     25     0.06346
2005     26     0.07504
2005     27     0.08546
2005     28     0.09412
2005     29     0.10044
2005     30     0.10002
2005     31     0.09585
2005     32     0.08782
2005     33     0.07805
2005     34     0.06705
2005     35     0.05597
2005     36     0.04501
2005     37     0.03441
2005     38     0.02405
2005     39     0.01696
2005     40     0.01135
2005     41     0.00686
2005     42     0.00375
2005     43     0.00192
2005     44     0.00096
2005     45     0.00044
2005     46     0.00016
2005     47     0.00007
2005     48     0.00004
2005     49     0.00003
2005     50     0.00001
2005     51     0.00001
2005     52     0.00001
2005     53     0.00000
2005     54     0.00000
2005     55+    0.00001
2006     12-    0.00000
2006     13     0.00001
2006     14     0.00006
2006     15     0.00031
2006     16     0.00130
2006     17     0.00369
2006     18     0.00665
2006     19     0.01295
2006     20     0.02071
2006     21     0.02896
2006     22     0.03705
2006     23     0.04471
2006     24     0.05554
2006     25     0.06497
2006     26     0.07660
2006     27     0.08803
2006     28     0.09694
2006     29     0.10390
2006     30     0.10390
2006     31     0.09930
2006     32     0.09244
2006     33     0.08191
2006     34     0.07134
2006     35     0.05984
2006     36     0.04847
2006     37     0.03638
2006     38     0.02751
2006     39     0.01851
2006     40     0.01235
2006     41     0.00769
2006     42     0.00425
2006     43     0.00231
2006     44     0.00099
2006     45     0.00043
2006     46     0.00015
2006     47     0.00005
2006     48     0.00004
2006     49     0.00001
2006     50     0.00000
2006     51     0.00000
2006     52     0.00000
2006     53     0.00000
2006     54     0.00000
2006     55+    0.00000
2007     12-    0.00000
2007     13     0.00001
2007     14     0.00006
2007     15     0.00030
2007     16     0.00124
2007     17     0.00339
2007     18     0.00667
2007     19     0.01300
2007     20     0.02033
2007     21     0.02807
2007     22     0.03579
2007     23     0.04488
2007     24     0.05431
2007     25     0.06542
2007     26     0.07597
2007     27     0.08704
2007     28     0.09633
2007     29     0.10371
2007     30     0.10443
2007     31     0.10010
2007     32     0.09296
2007     33     0.08406
2007     34     0.07390
2007     35     0.06276
2007     36     0.05108
2007     37     0.03907
2007     38     0.02899
2007     39     0.02122
2007     40     0.01387
2007     41     0.00811
2007     42     0.00489
2007     43     0.00250
2007     44     0.00109
2007     45     0.00046
2007     46     0.00019
2007     47     0.00008
2007     48     0.00003
2007     49     0.00001
2007     50     0.00001
2007     51     0.00000
2007     52     0.00000
2007     53     0.00000
2007     54     0.00000
2007     55+    0.00000
2008     12-    0.00000
2008     13     0.00000
2008     14     0.00006
2008     15     0.00029
2008     16     0.00132
2008     17     0.00369
2008     18     0.00698
2008     19     0.01331
2008     20     0.02040
2008     21     0.02849
2008     22     0.03601
2008     23     0.04513
2008     24     0.05550
2008     25     0.06544
2008     26     0.07754
2008     27     0.08707
2008     28     0.09666
2008     29     0.10457
2008     30     0.10493
2008     31     0.10163
2008     32     0.09500
2008     33     0.08523
2008     34     0.07628
2008     35     0.06511
2008     36     0.05343
2008     37     0.04132
2008     38     0.03097
2008     39     0.02213
2008     40     0.01515
2008     41     0.00888
2008     42     0.00499
2008     43     0.00269
2008     44     0.00127
2008     45     0.00044
2008     46     0.00020
2008     47     0.00009
2008     48     0.00003
2008     49     0.00002
2008     50     0.00001
2008     51     0.00001
2008     52     0.00001
2008     53     0.00000
2008     54     0.00000
2008     55+    0.00000
2009     12-    0.00000
2009     13     0.00001
2009     14     0.00010
2009     15     0.00028
2009     16     0.00134
2009     17     0.00353
2009     18     0.00666
2009     19     0.01299
2009     20     0.01991
2009     21     0.02741
2009     22     0.03440
2009     23     0.04365
2009     24     0.05392
2009     25     0.06468
2009     26     0.07598
2009     27     0.08715
2009     28     0.09565
2009     29     0.10301
2009     30     0.10506
2009     31     0.10141
2009     32     0.09496
2009     33     0.08612
2009     34     0.07669
2009     35     0.06631
2009     36     0.05494
2009     37     0.04257
2009     38     0.03263
2009     39     0.02387
2009     40     0.01578
2009     41     0.00997
2009     42     0.00539
2009     43     0.00274
2009     44     0.00137
2009     45     0.00055
2009     46     0.00019
2009     47     0.00008
2009     48     0.00003
2009     49     0.00003
2009     50     0.00001
2009     51     0.00000
2009     52     0.00000
2009     53     0.00000
2009     54     0.00000
2009     55+    0.00001
2010     12-    0.00000
2010     13     0.00001
2010     14     0.00008
2010     15     0.00029
2010     16     0.00124
2010     17     0.00311
2010     18     0.00615
2010     19     0.01236
2010     20     0.01921
2010     21     0.02675
2010     22     0.03355
2010     23     0.04241
2010     24     0.05424
2010     25     0.06485
2010     26     0.07742
2010     27     0.08865
2010     28     0.09854
2010     29     0.10437
2010     30     0.10513
2010     31     0.10354
2010     32     0.09782
2010     33     0.08942
2010     34     0.07938
2010     35     0.06873
2010     36     0.05798
2010     37     0.04499
2010     38     0.03449
2010     39     0.02554
2010     40     0.01726
2010     41     0.01082
2010     42     0.00635
2010     43     0.00317
2010     44     0.00138
2010     45     0.00057
2010     46     0.00024
2010     47     0.00007
2010     48     0.00006
2010     49     0.00003
2010     50     0.00001
2010     51     0.00001
2010     52     0.00000
2010     53     0.00000
2010     54     0.00000
2010     55+    0.00000
2011     12-    0.00000
2011     13     0.00001
2011     14     0.00007
2011     15     0.00034
2011     16     0.00129
2011     17     0.00326
2011     18     0.00593
2011     19     0.01192
2011     20     0.01854
2011     21     0.02562
2011     22     0.03226
2011     23     0.04124
2011     24     0.05225
2011     25     0.06328
2011     26     0.07684
2011     27     0.08896
2011     28     0.09783
2011     29     0.10541
2011     30     0.10537
2011     31     0.10367
2011     32     0.09818
2011     33     0.08988
2011     34     0.08160
2011     35     0.07005
2011     36     0.05857
2011     37     0.04672
2011     38     0.03566
2011     39     0.02654
2011     40     0.01820
2011     41     0.01148
2011     42     0.00650
2011     43     0.00348
2011     44     0.00152
2011     45     0.00062
2011     46     0.00025
2011     47     0.00008
2011     48     0.00005
2011     49     0.00003
2011     50     0.00002
2011     51     0.00002
2011     52     0.00000
2011     53     0.00000
2011     54     0.00000
2011     55+    0.00001
2012     12-    0.00000
2012     13     0.00001
2012     14     0.00009
2012     15     0.00031
2012     16     0.00138
2012     17     0.00325
2012     18     0.00580
2012     19     0.01109
2012     20     0.01755
2012     21     0.02425
2012     22     0.03055
2012     23     0.03847
2012     24     0.04917
2012     25     0.06113
2012     26     0.07500
2012     27     0.08797
2012     28     0.09848
2012     29     0.10589
2012     30     0.10707
2012     31     0.10391
2012     32     0.10005
2012     33     0.09221
2012     34     0.08333
2012     35     0.07333
2012     36     0.06158
2012     37     0.04870
2012     38     0.03803
2012     39     0.02850
2012     40     0.01975
2012     41     0.01267
2012     42     0.00713
2012     43     0.00376
2012     44     0.00183
2012     45     0.00074
2012     46     0.00023
2012     47     0.00009
2012     48     0.00005
2012     49     0.00004
2012     50     0.00001
2012     51     0.00002
2012     52     0.00001
2012     53     0.00001
2012     54     0.00001
2012     55+    0.00000
2013     12-    0.00000
2013     13     0.00001
2013     14     0.00008
2013     15     0.00032
2013     16     0.00131
2013     17     0.00322
2013     18     0.00601
2013     19     0.01135
2013     20     0.01686
2013     21     0.02382
2013     22     0.02982
2013     23     0.03744
2013     24     0.04695
2013     25     0.05896
2013     26     0.07305
2013     27     0.08703
2013     28     0.09839
2013     29     0.10744
2013     30     0.10814
2013     31     0.10664
2013     32     0.10031
2013     33     0.09423
2013     34     0.08648
2013     35     0.07720
2013     36     0.06506
2013     37     0.05173
2013     38     0.04011
2013     39     0.03063
2013     40     0.02119
2013     41     0.01351
2013     42     0.00805
2013     43     0.00415
2013     44     0.00194
2013     45     0.00077
2013     46     0.00029
2013     47     0.00011
2013     48     0.00006
2013     49     0.00003
2013     50     0.00002
2013     51     0.00003
2013     52     0.00001
2013     53     0.00001
2013     54     0.00000
2013     55+    0.00000
2014     12-    0.00000
2014     13     0.00001
2014     14     0.00007
2014     15     0.00033
2014     16     0.00124
2014     17     0.00329
2014     18     0.00593
2014     19     0.01143
2014     20     0.01698
2014     21     0.02277
2014     22     0.02880
2014     23     0.03593
2014     24     0.04481
2014     25     0.05674
2014     26     0.07027
2014     27     0.08412
2014     28     0.09709
2014     29     0.10584
2014     30     0.10771
2014     31     0.10695
2014     32     0.10165
2014     33     0.09353
2014     34     0.08771
2014     35     0.07675
2014     36     0.06626
2014     37     0.05422
2014     38     0.04170
2014     39     0.03195
2014     40     0.02243
2014     41     0.01408
2014     42     0.00855
2014     43     0.00452
2014     44     0.00209
2014     45     0.00080
2014     46     0.00034
2014     47     0.00013
2014     48     0.00007
2014     49     0.00005
2014     50     0.00002
2014     51     0.00002
2014     52     0.00001
2014     53     0.00001
2014     54     0.00000
2014     55+    0.00001
2015     12-    0.00000
2015     13     0.00001
2015     14     0.00006
2015     15     0.00027
2015     16     0.00103
2015     17     0.00305
2015     18     0.00556
2015     19     0.01057
2015     20     0.01645
2015     21     0.02255
2015     22     0.02750
2015     23     0.03535
2015     24     0.04478
2015     25     0.05637
2015     26     0.06928
2015     27     0.08515
2015     28     0.09791
2015     29     0.10882
2015     30     0.11097
2015     31     0.11044
2015     32     0.10517
2015     33     0.09846
2015     34     0.09024
2015     35     0.08115
2015     36     0.06940
2015     37     0.05596
2015     38     0.04445
2015     39     0.03326
2015     40     0.02391
2015     41     0.01533
2015     42     0.00913
2015     43     0.00482
2015     44     0.00222
2015     45     0.00090
2015     46     0.00028
2015     47     0.00014
2015     48     0.00005
2015     49     0.00004
2015     50     0.00002
2015     51     0.00002
2015     52     0.00000
2015     53     0.00001
2015     54     0.00000
2015     55+    0.00001
2016     12-    0.00000
2016     13     0.00001
2016     14     0.00007
2016     15     0.00025
2016     16     0.00099
2016     17     0.00247
2016     18     0.00496
2016     19     0.01029
2016     20     0.01570
2016     21     0.02221
2016     22     0.02791
2016     23     0.03396
2016     24     0.04273
2016     25     0.05422
2016     26     0.06809
2016     27     0.08414
2016     28     0.09652
2016     29     0.10671
2016     30     0.10928
2016     31     0.10860
2016     32     0.10536
2016     33     0.09782
2016     34     0.09034
2016     35     0.08028
2016     36     0.06971
2016     37     0.05707
2016     38     0.04583
2016     39     0.03504
2016     40     0.02488
2016     41     0.01626
2016     42     0.00952
2016     43     0.00515
2016     44     0.00235
2016     45     0.00090
2016     46     0.00033
2016     47     0.00014
2016     48     0.00006
2016     49     0.00004
2016     50     0.00003
2016     51     0.00001
2016     52     0.00001
2016     53     0.00000
2016     54     0.00000
2016     55+    0.00000
2017     12-    0.00000
2017     13     0.00001
2017     14     0.00006
2017     15     0.00021
2017     16     0.00081
2017     17     0.00226
2017     18     0.00428
2017     19     0.00941
2017     20     0.01467
2017     21     0.02086
2017     22     0.02628
2017     23     0.03326
2017     24     0.04177
2017     25     0.05271
2017     26     0.06640
2017     27     0.08106
2017     28     0.09575
2017     29     0.10655
2017     30     0.10957
2017     31     0.10796
2017     32     0.10352
2017     33     0.09730
2017     34     0.08956
2017     35     0.08126
2017     36     0.06897
2017     37     0.05696
2017     38     0.04582
2017     39     0.03547
2017     40     0.02543
2017     41     0.01636
2017     42     0.00969
2017     43     0.00522
2017     44     0.00233
2017     45     0.00093
2017     46     0.00036
2017     47     0.00016
2017     48     0.00006
2017     49     0.00003
2017     50     0.00002
2017     51     0.00002
2017     52     0.00001
2017     53     0.00001
2017     54     0.00001
2017     55+    0.00001
2018     12-    0.00000
2018     13     0.00001
2018     14     0.00006
2018     15     0.00019
2018     16     0.00083
2018     17     0.00199
2018     18     0.00386
2018     19     0.00829
2018     20     0.01379
2018     21     0.02016
2018     22     0.02543
2018     23     0.03183
2018     24     0.04111
2018     25     0.05097
2018     26     0.06551
2018     27     0.08030
2018     28     0.09412
2018     29     0.10565
2018     30     0.10877
2018     31     0.10811
2018     32     0.10277
2018     33     0.09644
2018     34     0.08977
2018     35     0.08030
2018     36     0.06935
2018     37     0.05637
2018     38     0.04556
2018     39     0.03535
2018     40     0.02581
2018     41     0.01689
2018     42     0.00987
2018     43     0.00527
2018     44     0.00252
2018     45     0.00095
2018     46     0.00042
2018     47     0.00017
2018     48     0.00006
2018     49     0.00004
2018     50     0.00003
2018     51     0.00001
2018     52     0.00002
2018     53     0.00001
2018     54     0.00001
2018     55+    0.00001
2019     12-    0.00000
2019     13     0.00001
2019     14     0.00007
2019     15     0.00016
2019     16     0.00072
2019     17     0.00189
2019     18     0.00344
2019     19     0.00739
2019     20     0.01207
2019     21     0.01814
2019     22     0.02366
2019     23     0.03051
2019     24     0.03896
2019     25     0.04911
2019     26     0.06172
2019     27     0.07724
2019     28     0.09077
2019     29     0.10044
2019     30     0.10495
2019     31     0.10376
2019     32     0.09891
2019     33     0.09267
2019     34     0.08516
2019     35     0.07796
2019     36     0.06620
2019     37     0.05524
2019     38     0.04414
2019     39     0.03468
2019     40     0.02535
2019     41     0.01679
2019     42     0.01011
2019     43     0.00552
2019     44     0.00240
2019     45     0.00101
2019     46     0.00040
2019     47     0.00014
2019     48     0.00007
2019     49     0.00003
2019     50     0.00003
2019     51     0.00001
2019     52     0.00001
2019     53     0.00001
2019     54     0.00000
2019     55+    0.00001
2020     12-    0.00000
2020     13     0.00001
2020     14     0.00006
2020     15     0.00015
2020     16     0.00055
2020     17     0.00170
2020     18     0.00323
2020     19     0.00663
2020     20     0.01100
2020     21     0.01627
2020     22     0.02166
2020     23     0.02883
2020     24     0.03711
2020     25     0.04834
2020     26     0.06157
2020     27     0.07517
2020     28     0.08947
2020     29     0.10014
2020     30     0.10372
2020     31     0.10330
2020     32     0.09944
2020     33     0.09184
2020     34     0.08602
2020     35     0.07677
2020     36     0.06648
2020     37     0.05486
2020     38     0.04396
2020     39     0.03472
2020     40     0.02512
2020     41     0.01699
2020     42     0.01011
2020     43     0.00568
2020     44     0.00264
2020     45     0.00106
2020     46     0.00040
2020     47     0.00015
2020     48     0.00007
2020     49     0.00004
2020     50     0.00002
2020     51     0.00001
2020     52     0.00002
2020     53     0.00001
2020     54     0.00000
2020     55+    0.00000
2021     12-    0.00000
2021     13     0.00001
2021     14     0.00005
2021     15     0.00009
2021     16     0.00047
2021     17     0.00124
2021     18     0.00253
2021     19     0.00558
2021     20     0.00934
2021     21     0.01385
2021     22     0.01919
2021     23     0.02616
2021     24     0.03486
2021     25     0.04589
2021     26     0.05834
2021     27     0.07319
2021     28     0.08545
2021     29     0.09875
2021     30     0.10212
2021     31     0.10155
2021     32     0.09813
2021     33     0.09199
2021     34     0.08521
2021     35     0.07651
2021     36     0.06658
2021     37     0.05550
2021     38     0.04465
2021     39     0.03511
2021     40     0.02635
2021     41     0.01736
2021     42     0.01083
2021     43     0.00612
2021     44     0.00284
2021     45     0.00120
2021     46     0.00038
2021     47     0.00015
2021     48     0.00003
2021     49     0.00002
2021     50     0.00001
2021     51     0.00001
2021     52     0.00000
2021     53     0.00000
2021     54     0.00000
2021     55+    0.00000
2022     12-    0.00000
2022     13     0.00001
2022     14     0.00005
2022     15     0.00012
2022     16     0.00036
2022     17     0.00099
2022     18     0.00210
2022     19     0.00481
2022     20     0.00791
2022     21     0.01196
2022     22     0.01667
2022     23     0.02304
2022     24     0.03234
2022     25     0.04291
2022     26     0.05539
2022     27     0.06990
2022     28     0.08479
2022     29     0.09500
2022     30     0.10068
2022     31     0.09946
2022     32     0.09518
2022     33     0.09019
2022     34     0.08284
2022     35     0.07476
2022     36     0.06475
2022     37     0.05349
2022     38     0.04326
2022     39     0.03422
2022     40     0.02582
2022     41     0.01715
2022     42     0.01071
2022     43     0.00601
2022     44     0.00284
2022     45     0.00117
2022     46     0.00041
2022     47     0.00017
2022     48     0.00007
2022     49     0.00003
2022     50     0.00002
2022     51     0.00001
2022     52     0.00002
2022     53     0.00000
2022     54     0.00000
2022     55+    0.00001
2023     12-    0.00000
2023     13     0.00001
2023     14     0.00005
2023     15     0.00011
2023     16     0.00040
2023     17     0.00106
2023     18     0.00216
2023     19     0.00442
2023     20     0.00771
2023     21     0.01098
2023     22     0.01511
2023     23     0.02055
2023     24     0.02871
2023     25     0.03891
2023     26     0.05090
2023     27     0.06530
2023     28     0.07888
2023     29     0.09141
2023     30     0.09578
2023     31     0.09665
2023     32     0.09225
2023     33     0.08605
2023     34     0.08057
2023     35     0.07290
2023     36     0.06256
2023     37     0.05205
2023     38     0.04207
2023     39     0.03407
2023     40     0.02551
2023     41     0.01741
2023     42     0.01065
2023     43     0.00670
2023     44     0.00292
2023     45     0.00120
2023     46     0.00045
2023     47     0.00018
2023     48     0.00009
2023     49     0.00005
2023     50     0.00003
2023     51     0.00003
2023     52     0.00002
2023     53     0.00001
2023     54     0.00000
2023     55+    0.00002
2024     12-    0.00000
2024     13     0.00001
2024     14     0.00005
2024     15     0.00014
2024     16     0.00041
2024     17     0.00102
2024     18     0.00218
2024     19     0.00436
2024     20     0.00701
2024     21     0.01023
2024     22     0.01391
2024     23     0.01878
2024     24     0.02635
2024     25     0.03545
2024     26     0.04720
2024     27     0.06203
2024     28     0.07443
2024     29     0.08641
2024     30     0.09249
2024     31     0.09117
2024     32     0.09000
2024     33     0.08471
2024     34     0.07784
2024     35     0.07024
2024     36     0.06090
2024     37     0.05014
2024     38     0.04079
2024     39     0.03231
2024     40     0.02441
2024     41     0.01644
2024     42     0.01064
2024     43     0.00628
2024     44     0.00287
2024     45     0.00117
2024     46     0.00048
2024     47     0.00018
2024     48     0.00009
2024     49     0.00008
2024     50     0.00004
2024     51     0.00003
2024     52     0.00002
2024     53     0.00001
2024     54     0.00001
2024     55+    0.00002
